2 0.287109375 0.3003472222222222 0.15104166666666666 0.15625
2 0.1591796875 0.38324652777777773 0.09440104166666666 0.16927083333333331
2 0.2880859375 0.4296875 0.15299479166666666 0.08159722222222222
2 0.42936197916666663 0.2730034722222222 0.119140625 0.13802083333333331
2 0.4300130208333333 0.41015625 0.119140625 0.12065972222222221
2 0.5621744791666666 0.2743055555555555 0.130859375 0.140625
2 0.5634765625 0.4114583333333333 0.13346354166666666 0.11631944444444443
2 0.42936197916666663 0.09765625 0.119140625 0.18836805555555555
2 0.849609375 0.26171875 0.07421875 0.08246527777777778
2 0.69921875 0.40494791666666663 0.11979166666666666 0.11545138888888888
2 0.8225911458333333 0.47092013888888884 0.126953125 0.1310763888888889
2 0.9420572916666666 0.5894097222222222 0.11067708333333333 0.140625
2 0.13151041666666666 0.5325520833333333 0.109375 0.12065972222222221
2 0.23990885416666666 0.5342881944444444 0.107421875 0.1171875
2 0.34928385416666663 0.5316840277777778 0.111328125 0.11197916666666666
2 0.46549479166666663 0.5334201388888888 0.1171875 0.10677083333333333
2 0.5797526041666666 0.53515625 0.111328125 0.1032986111111111
2 0.0654296875 0.6666666666666666 0.12434895833333333 0.1267361111111111
2 0.19010416666666666 0.6688368055555555 0.12109375 0.12239583333333333
2 0.3125 0.66796875 0.12369791666666666 0.12413194444444443
2 0.4417317708333333 0.66796875 0.126953125 0.12065972222222221
2 0.568359375 0.6684027777777778 0.12630208333333331 0.11979166666666666
2 0.701171875 0.6684027777777778 0.13541666666666666 0.11979166666666666
2 0.0654296875 0.8012152777777777 0.12825520833333331 0.13020833333333331
2 0.1904296875 0.8038194444444444 0.12174479166666666 0.125
2 0.314453125 0.8051215277777777 0.12630208333333331 0.12239583333333333
2 0.4443359375 0.8046875 0.13346354166666666 0.12326388888888888
2 0.5758463541666666 0.8038194444444444 0.123046875 0.11979166666666666
2 0.7044270833333333 0.8033854166666666 0.13411458333333331 0.12065972222222221
2 0.845703125 0.8029513888888888 0.1484375 0.11979166666666666
2 0.958984375 0.8289930555555555 0.078125 0.06770833333333333
2 0.06608072916666666 0.9340277777777777 0.126953125 0.11979166666666666
2 0.1904296875 0.9331597222222222 0.12174479166666666 0.12152777777777778
2 0.3154296875 0.9331597222222222 0.12825520833333331 0.1284722222222222
2 0.44791666666666663 0.9318576388888888 0.13671875 0.1310763888888889
2 0.578125 0.9301215277777777 0.11979166666666666 0.12760416666666666
2 0.705078125 0.9301215277777777 0.13151041666666666 0.1328125
2 0.8453776041666666 0.9283854166666666 0.14908854166666666 0.12586805555555555
2 0.958984375 0.9270833333333333 0.078125 0.1284722222222222
