1 0.05258964143426295 0.5997638724911452 0.100398406374502 0.1322314049586777
1 0.17410358565737052 0.5855962219598583 0.12191235059760956 0.1487603305785124
1 0.30239043824701195 0.5578512396694214 0.12031872509960159 0.1381345926800472
1 0.43864541832669324 0.5460448642266824 0.1155378486055777 0.1357733175914994
1 0.5733067729083665 0.5430932703659976 0.12828685258964143 0.12750885478158205
1 0.7171314741035857 0.5371900826446281 0.13227091633466137 0.12750885478158205
1 0.8474103585657371 0.537780401416765 0.12031872509960159 0.13105076741440377
1 0.8689243027888447 0.6723730814639906 0.16015936254980082 0.10979929161747343
1 0.7175298804780876 0.6723730814639906 0.12669322709163347 0.11688311688311688
1 0.5788844621513944 0.6747343565525383 0.13944223107569723 0.1216056670602125
1 0.4442231075697211 0.6776859504132231 0.12191235059760956 0.11334120425029515
1 0.300796812749004 0.6841794569067295 0.12828685258964143 0.10271546635182999
1 0.1713147410358566 0.7083825265643447 0.11952191235059761 0.08736717827626918
1 0.055378486055776895 0.7136953955135773 0.10597609561752988 0.08146399055489964
1 0.055776892430278883 0.8270365997638724 0.10677290836653387 0.1192443919716647
1 0.17370517928286852 0.8270365997638724 0.11952191235059761 0.12396694214876032
1 0.3039840637450199 0.8187721369539551 0.12509960159362551 0.14521841794569065
1 0.4418326693227092 0.8175914994096812 0.12350597609561753 0.14049586776859505
1 0.5784860557768925 0.819952774498229 0.13386454183266933 0.14049586776859505
1 0.7187250996015937 0.8229043683589138 0.1354581673306773 0.1487603305785124
1 0.8709163346613547 0.819952774498229 0.15776892430278885 0.15702479338842976
1 0.9752988047808765 0.8494687131050767 0.04143426294820717 0.27981109799291615
1 0.8725099601593626 0.9498229043683588 0.15458167330677292 0.08618654073199528
1 0.7199203187250997 0.9468713105076741 0.13784860557768924 0.08264462809917356
1 0.5780876494023904 0.948051948051948 0.13784860557768924 0.10389610389610389
1 0.43904382470119524 0.9445100354191263 0.12270916334661355 0.10153482880755607
1 0.3039840637450199 0.9462809917355371 0.13147410358565736 0.10271546635182999
1 0.11792828685258964 0.9433293978748524 0.2310756972111554 0.11097992916174734
